5
S
0.0
-3.5
2.5
4.1
0.0
-3.5
2.5
4.1
0.0
-3.5
2.5
4.1
0.0
-3.5
2.5
4.1
0.0
-3.5
2.5
4.1
0.0
-3.5
2.5
4.1
0.0
-3.5
2.5
4.1
0.0
-3.5
2.5
4.1
0.0
-3.5
2.5
4.1
0.0
-3.5
2.5
4.1
0.0
-3.5
2.5
4.1
0.0
-3.5
2.5
4.1
0.0
-3.5
2.5
4.1
0.0
-3.5
2.5
4.1
0.0
-3.5
2.5
4.1
0.0
-3.5
2.5
4.1
0.0
-3.5
2.5
4.1
0.0
-3.5
2.5
4.1
0.0
-3.5
2.5
4.1
0.0
-3.5
2.5
4.1
0.0
-3.5
2.5
4.1
0.0
-3.5
2.5
4.1
0.0
-3.5
2.5
4.1
0.0
-3.5
2.5
4.1
0.0
-3.5
2.5
4.1
0.0
-3.5
2.5
4.1
0.0
-3.5
2.5
4.1
0.0
-3.5
2.5
4.1
0.0
-3.5
2.5
4.10
-3.5
2.5
4.1
0.0
-3.5
2.5
4.1
0.0
-3.5
2.5
4.1
0.0
-3.5
2.5
4.1
0.0
-3.5
2.5
4.1
0.0
-3.5
2.5
4.1
0.0
-3.5
2.5
4.1
0.0
-3.5
2.5
4.1